47.217685,39.697219 2
47.219232,39.702243 3
47.219752,39.704753 4
47.220583,39.708930 5
47.221428,39.712587 10
47.221034,39.713052 8
47.220991,39.713502 7
47.222757,39.718868 9
47.221523,39.720232 11
47.222205,39.722130 12
47.223714,39.722212 13
47.223398,39.724517 6
47.224563,39.727515 14
47.224719,39.728334 15
47.225050,39.730114 16
47.225211,39.730824 17
47.225793,39.732119 18
47.224556,39.732735 19
47.226097,39.734287 20
47.226245,39.736125 25
47.228489,39.744771 22
47.227484,39.746069 21
47.227075,39.747015 23
47.228722,39.753858 24
47.230660,39.762062 26
47.229801,39.764453 27